280.421716 578.664059
198.274947 547.859020
165.269549 493.583477
115.394725 371.096777
107.326739 256.678063
118.328538 178.932014
200.475307 86.516899
339.831433 71.114380
447.649067 162.062588
468.185759 247.876623
457.183960 358.628071
425.645468 481.848224
380.171364 544.925207
86.790047 357.161164
64.052994 300.685261
57.451915 228.073384
72.854434 149.593882
111.727459 82.849632
189.473508 25.640275
363.301938 16.838836
475.520292 34.441715
516.593677 153.261148
515.126770 214.871225
506.325331 291.883821
490.189358 345.425911
205.609480 261.078783
365.502298 255.944610
143.999403 253.744250
190.206961 225.873025
238.614878 236.141371
316.360927 233.941011
366.969205 220.005398
417.577482 230.273744
282.622076 275.747849
243.015598 352.760444
287.756249 356.427711
325.895820 352.760444
234.214159 445.909013
290.690062 431.973400
364.035392 449.576279
262.085384 461.311532
294.357329 467.179158
319.294741 459.844625
0 0
0 749
601 0
601 749