291.368506 574.581169
217.301948 543.128247
168.600649 485.295455
120.913961 376.732143
100.621753 250.920455
108.738636 156.561688
195.995130 92.641234
401.961039 97.714286
459.793831 169.751623
468.925325 243.818182
466.896104 356.439935
417.180195 474.134740
363.405844 542.113636
94.534091 380.790584
74.241883 322.957792
65.110390 240.774351
70.183442 149.459416
107.724026 58.144481
205.126623 5.384740
426.311688 39.881494
476.027597 100.758117
497.334416 172.795455
511.538961 236.715909
508.495130 304.694805
499.363636 364.556818
204.112013 272.227273
375.581169 272.227273
122.943182 248.891234
163.527597 202.219156
241.652597 204.248377
341.084416 199.175325
395.873377 200.189935
452.691558 224.540584
295.426948 278.314935
252.813312 350.352273
296.441558 353.396104
337.025974 347.308442
241.652597 449.784091
299.485390 421.375000
342.099026 451.813312
268.032468 472.105519
293.397727 475.149351
316.733766 468.047078
0 0
0 749
601 0
601 749
