295.010470 660.986985
231.209642 647.163472
171.662203 583.362644
139.761789 483.408013
130.191665 367.503176
154.648649 264.358504
232.272990 188.860857
353.494563 187.797510
439.625681 263.295157
473.652789 370.693217
464.082665 484.471361
423.675474 591.869421
366.254728 646.100125
131.255012 480.217972
118.494846 436.620740
112.114764 368.566523
114.241458 254.788380
161.028732 126.123377
246.096502 102.729740
380.078241 103.793087
452.385846 138.883542
501.299814 252.661685
498.109773 370.693217
492.793037 419.607185
476.842830 462.141071
214.196088 350.489622
393.901754 353.679663
154.648649 316.462513
195.055840 304.765695
247.159849 311.145778
342.861091 304.765695
393.901754 304.765695
444.942416 319.652555
299.263859 354.743010
241.843114 468.521154
290.757082 465.331112
351.367868 469.584501
228.019601 558.905660
295.010470 538.702064
372.634811 558.905660
251.413238 588.679380
296.073818 600.376198
343.924439 587.616032
0 0
0 749
601 0
601 749
