304.207583 670.006912
228.170716 646.127566
178.526812 585.800796
138.937369 485.884583
133.281734 350.777755
157.161081 250.233138
241.995601 189.906368
385.271680 190.534772
451.254085 254.003561
477.018643 353.919774
476.390239 478.343737
438.686008 587.686008
378.359238 646.127566
134.538542 485.256179
126.997696 454.464390
119.456850 380.941140
121.342061 264.058023
163.445119 142.776079
250.793255 96.902597
393.440930 96.902597
466.964181 151.573733
494.613951 249.604734
499.641181 370.886678
492.728739 426.186217
485.816297 461.376833
214.974235 353.291370
397.839757 352.662966
155.275869 325.641600
199.892543 316.843946
243.252409 320.614370
362.020737 318.100754
410.407834 319.357562
450.625681 325.641600
299.808756 380.312736
247.651236 461.376833
301.065563 461.376833
358.250314 463.890448
235.711563 558.151026
300.437160 538.670507
387.156891 560.036238
275.301005 580.145161
302.322371 588.942815
329.972141 581.401969
0 0
0 749
601 0
601 749
