208.170455 333.103896
410.077922 333.103896
149.323052 299.621753
443.560065 296.577922
201.068182 294.548701
416.165584 294.548701
250.784091 299.621753
376.595779 295.563312
303.543831 337.162338
305.573052 459.930195
243.681818 471.090909
363.405844 460.944805
306.587662 530.952922
231.506494 561.391234
385.727273 560.376623
308.616883 599.946429
255.857143 589.800325
358.332792 586.756494
309.631494 661.837662
234.550325 643.574675
381.668831 644.589286
163.527597 555.303571
452.691558 557.332792
133.089286 444.711039
482.115260 445.725649
123.957792 339.191558
483.129870 341.220779
144.250000 220.482143
472.983766 226.569805
255.857143 144.386364
364.420455 147.430195
116.855519 436.594156
494.290584 429.491883
110.767857 398.038961
506.465909 397.024351
109.753247 355.425325
509.509740 349.337662
109.753247 175.839286
523.714286 192.073052
182.805195 69.305195
442.545455 61.188312
248.754870 17.560065
350.215909 19.589286
0 0
0 749
601 0
601 749
