1152.255425 2736.914328
846.948345 2641.182447
673.596020 2416.083159
526.117176 1973.646628
505.418391 1440.652912
593.388228 1073.249476
872.821827 819.689359
1416.164935 827.451403
1721.472015 1124.996439
1824.965941 1456.177000
1793.917763 1947.773146
1643.851571 2403.146418
1442.038416 2628.245706
497.656347 1955.535191
451.084080 1787.357562
422.623251 1536.384793
440.734688 1099.122958
526.117176 718.782782
854.710390 501.445538
1522.246209 558.367197
1760.282237 744.656263
1881.887599 1060.312736
1920.697822 1474.288437
1905.173733 1720.086510
1848.252074 1896.026183
821.074864 1438.065563
1514.484164 1461.351697
588.213532 1300.936112
774.502597 1275.062631
937.505530 1303.523460
1390.291454 1287.999372
1566.231127 1290.586720
1721.472015 1334.571638
1147.080729 1585.544407
940.092878 1921.899665
1126.381944 1921.899665
1333.369795 1942.598450
890.933264 2273.779011
1123.794596 2224.619397
1444.625765 2291.890448
1007.363930 2410.908463
1136.731336 2447.131336
1302.321617 2423.845203
