307.739933 669.016413
209.032109 624.149220
164.980683 567.045520
129.086928 442.233146
129.902695 297.842361
142.954970 213.818345
235.952424 157.530412
376.264374 160.793480
467.630294 224.423318
476.603733 302.736964
483.945637 436.522776
449.683417 562.966684
408.895060 624.149220
109.508517 443.048913
109.508517 397.365953
107.061215 341.893787
98.903544 196.687235
145.402271 58.822587
231.873589 9.060791
407.263525 20.481531
479.866802 78.400998
523.102460 204.844906
512.497487 340.262253
508.418652 390.839816
502.708282 438.154311
209.847876 336.183417
404.816224 336.999184
149.481107 306.000033
200.874437 292.947758
253.083535 299.473895
367.290935 300.289663
412.973895 289.684690
453.762253 304.368498
304.476865 351.682993
244.110096 460.995791
306.924166 465.074626
364.843634 460.995791
223.715917 562.150917
305.292632 539.309437
393.395484 559.703615
261.241206 589.071233
305.292632 602.939274
345.265222 590.702767
0 0
0 749
601 0
601 749