198.024351 327.016234
400.946429 327.016234
125.987013 335.133117
473.998377 332.089286
162.512987 278.314935
429.355519 276.285714
246.725649 291.504870
355.288961 294.548701
296.441558 317.884740
293.397727 445.725649
242.667208 446.740260
341.084416 450.798701
292.383117 536.025974
209.185065 550.230519
380.654221 548.201299
293.397727 572.551948
239.623377 563.420455
343.113636 565.449675
289.339286 696.334416
194.980519 657.779221
401.961039 654.735390
127.001623 569.508117
469.939935 572.551948
114.826299 479.207792
491.246753 487.324675
103.665584 342.235390
496.319805 338.176948
129.030844 210.336039
469.939935 200.189935
224.404221 102.787338
353.259740 98.728896
96.563312 488.339286
508.495130 487.324675
70.183442 420.360390
530.816558 428.477273
69.168831 319.913961
530.816558 329.045455
65.110390 212.365260
540.962662 206.277597
131.060065 42.925325
417.180195 29.735390
204.112013 6.399351
367.464286 4.370130
0 0
0 749
601 0
601 749
