307.035400 675.662547
231.626938 647.384374
176.955802 584.543988
141.765186 483.999372
131.710725 325.641600
148.677629 232.009426
247.337034 156.600964
389.356305 162.256598
477.961248 251.489946
491.786133 328.155216
490.529326 473.944910
450.311479 591.456431
396.897151 644.242354
129.825513 468.289275
121.027859 428.699832
111.601801 367.744659
111.601801 240.807080
139.251571 116.383117
242.938207 47.887097
420.148094 72.394847
493.671345 145.918098
513.780268 236.408253
518.807499 360.832216
512.523460 416.760159
502.468999 465.147256
218.430457 341.351697
411.350440 341.980101
154.961667 306.161081
200.206745 293.593004
254.877880 298.620235
370.504189 297.363427
425.803729 292.336196
471.677210 304.904273
308.920612 366.487851
249.850649 459.491621
308.292208 458.863217
366.733766 460.120025
236.654168 552.495392
308.920612 538.042103
393.126728 556.265815
261.161919 576.374738
316.461458 588.942815
361.078132 576.374738
0 0
0 749
601 0
601 749